{
 "cells": [
  {
   "cell_type": "code",
   "execution_count": 17,
   "id": "f28fa6d9-e217-480a-a49e-12f91368c696",
   "metadata": {},
   "outputs": [
    {
     "name": "stderr",
     "output_type": "stream",
     "text": [
      "Matplotlib is building the font cache; this may take a moment.\n"
     ]
    }
   ],
   "source": [
    "import pickle as pkl\n",
    "import logomaker"
   ]
  },
  {
   "cell_type": "markdown",
   "id": "990f09f1-50a2-461c-b7e1-efe7e0e5afd9",
   "metadata": {},
   "source": [
    "## Importing pickled dataframe"
   ]
  },
  {
   "cell_type": "code",
   "execution_count": 23,
   "id": "7c0a5b1d-6396-484d-9fa8-6762f9ae66da",
   "metadata": {},
   "outputs": [],
   "source": [
    "with open(\"df_4N_VCG.pkl\", \"rb\") as file_1:\n",
    "    df_4N_VCG = pkl.load(file_1)\n",
    "\n",
    "df_4N_VCG_group = df_4N_VCG.groupby(by=[\"VCG_Len\", \"VCG\"], as_index=False).count()\n",
    "df_4N_VCG_group = df_4N_VCG_group[[\"VCG_Len\", \"VCG\", \"Seq\"]]\n",
    "df_4N_VCG_group\n",
    "\n",
    "with open(\"VCG_DNA_list.pkl\", \"rb\") as file_2:\n",
    "    VCG_DNA_list = pkl.load(file_2)"
   ]
  },
  {
   "cell_type": "markdown",
   "id": "3b59e424-7c4c-437d-aee5-dead916b59f6",
   "metadata": {},
   "source": [
    "## SeqLogo for randomized regions"
   ]
  },
  {
   "cell_type": "code",
   "execution_count": 6,
   "id": "906fd24b-47d6-48d6-a27b-d15ec371087d",
   "metadata": {},
   "outputs": [],
   "source": [
    "def base_probs_for_4N(VCG: str):\n",
    "    '''\n",
    "    Tells us the probability of each base appearing at each position\n",
    "    across every 3' 4N section that corresponds to a given VCG.\n",
    "\n",
    "    Args:\n",
    "        VCG: The virtual circular genome (VCG) whose 4Ns we want to examine.\n",
    "\n",
    "    Returns:\n",
    "        (pandas.DataFrame): 4x4 DataFrame with rows corresponding to positions (indexes) of\n",
    "                            the 4N section, and columns being the four bases. The values\n",
    "                            inside correspond to the probabilty that a base appears\n",
    "                            at that position across all 4N sections. \n",
    "    '''\n",
    "\n",
    "    # Grabbing the 4N sections corresponding to a specific vcg\n",
    "    vcg_4Ns = df_4N_VCG.query(\"VCG == @VCG\")[\"4N\"]\n",
    "    num_4Ns = len(vcg_4Ns)\n",
    "\n",
    "    vcg_base_probs = {\"A\":[], \"C\":[], \"T\":[], \"G\":[]}\n",
    "\n",
    "    # There are 4 positions in our 4N sequence\n",
    "    for pos in range(4):\n",
    "\n",
    "        # Counting how many times each base shows up in a specific position,\n",
    "        # then dividing by the number of 4N replicas to give a probabilty.\n",
    "        base_probs = vcg_4Ns.str[pos].value_counts() / num_4Ns\n",
    "        \n",
    "        # Adding this probability to our dictionary\n",
    "        for base in vcg_base_probs:\n",
    "            vcg_base_probs[base].append(base_probs[base])\n",
    "\n",
    "    # Converting our dict to a DataFrame\n",
    "    return pd.DataFrame(vcg_base_probs)"
   ]
  },
  {
   "cell_type": "code",
   "execution_count": 7,
   "id": "b42d5982-5f12-4206-9a57-35d5678f6a6d",
   "metadata": {},
   "outputs": [],
   "source": [
    "def base_probs_for_5_adap_4N(VCG: str):\n",
    "    '''\n",
    "    Tells us the probability of each base appearing at each position\n",
    "    across every 5' 4N section that corresponds to a given VCG.\n",
    "\n",
    "    Args:\n",
    "        VCG: The virtual circular genome (VCG) whose 4Ns we want to examine.\n",
    "\n",
    "    Returns:\n",
    "        (pandas.DataFrame): 4x4 DataFrame with rows corresponding to positions (indexes) of\n",
    "                            the 4N section, and columns being the four bases. The values\n",
    "                            inside correspond to the probabilty that a base appears\n",
    "                            at that position across all 4N sections. \n",
    "    '''\n",
    "\n",
    "    # Grabbing the 4N sections corresponding to a specific vcg\n",
    "    vcg_4Ns = df_4N_VCG.query(\"VCG == @VCG\")[\"5_Adap\"]\n",
    "    num_4Ns = len(vcg_4Ns)\n",
    "\n",
    "    vcg_base_probs = {\"A\":[], \"C\":[], \"T\":[], \"G\":[]}\n",
    "\n",
    "    # There are 4 positions in our 4N sequence\n",
    "    for pos in range(4):\n",
    "\n",
    "        # Counting how many times each base shows up in a specific position,\n",
    "        # then dividing by the number of 4N replicas to give a probabilty.\n",
    "        base_probs = vcg_4Ns.str[pos].value_counts() / num_4Ns\n",
    "        \n",
    "        # Adding this probability to our dictionary\n",
    "        for base in vcg_base_probs:\n",
    "            vcg_base_probs[base].append(base_probs[base])\n",
    "\n",
    "    # Converting our dict to a DataFrame\n",
    "    return pd.DataFrame(vcg_base_probs)"
   ]
  },
  {
   "cell_type": "code",
   "execution_count": 8,
   "id": "d3aff0ca-2352-4010-bfa6-2a0184d57019",
   "metadata": {},
   "outputs": [],
   "source": [
    "def base_probs_are_abnormal(base_probs_df, max_prob_thresh=0.51, min_prob_thresh=0.07):\n",
    "    '''\n",
    "    Tells the user whether the probabilities for each base across a range\n",
    "    of positions is \"abnormal,\" where abnormal is defined as anything outside\n",
    "    the bounds of the max/min probabilities.\n",
    "    In a perfectly normal prob. count, each base would appear ~1/4 of the time at each\n",
    "    position.\n",
    "\n",
    "    Args:\n",
    "        base_probs_df (pandas.DataFrame): each row represents a position in our \n",
    "                                          sequence, while the columns tell us the prob. for a specific\n",
    "                                          base to appear at the position.\n",
    "        max_prob_thresh (float): maximum probability that a base can have before it is considered \"abnormal\"\n",
    "        min_prob_thresh (float): minimum probability that a base can have before it is considered \"abnormal\"\n",
    "\n",
    "    Returns:\n",
    "        (bool): Whether any of the freqs. were outside min/max bounds.\n",
    "    '''\n",
    "    max_prob = base_probs_df.to_numpy().max()\n",
    "    min_prob = base_probs_df.to_numpy().min()\n",
    "\n",
    "    return (max_prob > max_prob_thresh) or (min_prob < min_prob_thresh)\n",
    "\n",
    "# are_base_feqs_abnormal(vcg_nt_prob_df)"
   ]
  },
  {
   "cell_type": "code",
   "execution_count": 9,
   "id": "e0ccfffd-389c-4803-845e-2d4030f6ba0a",
   "metadata": {},
   "outputs": [],
   "source": [
    "def seq_logo_graph(probs_df, title: str):\n",
    "    '''\n",
    "    Converts a nucleotide probability matrix for a specific sequence\n",
    "    into a Sequence Logo.\n",
    "\n",
    "    Args:\n",
    "        probs_df (pandas.DataFrame): probability matrix\n",
    "        title: title of the Seq. Logo graph\n",
    "\n",
    "    Returns:\n",
    "        (logomaker.Logo): Graph showing the probabilities of each base at each position\n",
    "    '''\n",
    "\n",
    "    # create Logo object\n",
    "    seq_logo = logomaker.Logo(probs_df,\n",
    "                            width=.8,\n",
    "                            vpad=.05,\n",
    "                            #  fade_probabilities=True,\n",
    "                            stack_order='small_on_top',\n",
    "                            color_scheme='classic')\n",
    "\n",
    "    # style using Logo methods\n",
    "    seq_logo.style_spines(spines=['left', 'right'], visible=False)\n",
    "\n",
    "    # style using Axes methods\n",
    "    seq_logo.ax.set_title(title)\n",
    "    seq_logo.ax.set_xticks(range(4))\n",
    "    seq_logo.ax.set_xticklabels([str(i+1) for i in range(4)])\n",
    "    seq_logo.ax.set_xlabel('position')\n",
    "    seq_logo.ax.set_yticks([0, .5, 1])\n",
    "    # seq_logo.ax.axvline(2.5, color='k', linewidth=1, linestyle=':')\n",
    "    seq_logo.ax.set_ylabel('probability')\n",
    "\n",
    "    return seq_logo\n",
    "\n",
    "# seq_logo_graph(vcg_nt_prob_df, f\"VCG: {vcg}\")"
   ]
  },
  {
   "cell_type": "markdown",
   "id": "f6747bd3-2279-4f3d-bde4-51f329a96a4c",
   "metadata": {},
   "source": [
    "### Trying to find the optimal max / min probability thresholds so we don't have to look through all the VCG graphs, but so that we also have enough data to look over."
   ]
  },
  {
   "cell_type": "code",
   "execution_count": 15,
   "id": "fed41908-e4e0-4cb0-8a5b-32d4eaede316",
   "metadata": {},
   "outputs": [
    {
     "name": "stdout",
     "output_type": "stream",
     "text": [
      "GT 0.8473895582329317 0.039491298527443104\n",
      "ATG 0.4354995150339476 0.05431619786614937\n",
      "CAC 0.5437881873727087 0.05770536320434488\n",
      "CGT 0.9215155615696887 0.014884979702300407\n",
      "GCG 0.5024330900243309 0.030413625304136254\n",
      "GGT 0.7573839662447257 0.05485232067510549\n",
      "TGG 0.41627906976744183 0.05930232558139535\n",
      "TGT 0.8640522875816994 0.027450980392156862\n",
      "ACGC 0.6406779661016949 0.05508474576271186\n",
      "GCGT 0.9098265895953758 0.019653179190751446\n",
      "GTGT 0.7550776583034647 0.05734767025089606\n",
      "TGCG 0.5850622406639004 0.03319502074688797\n",
      "TGGT 0.7454337899543378 0.0547945205479452\n",
      "ATGCG 0.5531475748194015 0.029927760577915376\n",
      "CACGC 0.6041237113402061 0.05979381443298969\n",
      "TGCGT 0.9331619537275064 0.010282776349614395\n",
      "ACACGC 0.6340057636887608 0.05763688760806916\n",
      "ATGCGT 0.9067201604814443 0.028084252758274825\n",
      "GCGTGT 0.7438136826783115 0.056768558951965066\n",
      "GTGGTG 0.6530880420499343 0.05913272010512484\n",
      "TGTGGTG 0.6136662286465178 0.051248357424441525\n",
      "ATGCGTGT 0.6845386533665836 0.05610972568578554\n",
      "GTGTGGTG 0.5950819672131148 0.054098360655737705\n",
      "TGCGTGTG 0.5324675324675324 0.0575139146567718\n",
      "ATGCGTGTG 0.5250917992656059 0.05507955936352509\n",
      "TGCGTGTGGTG 0.5477099236641222 0.05343511450381679\n"
     ]
    }
   ],
   "source": [
    "\n",
    "for VCG in VCG_DNA_list:\n",
    "    base_probs = base_probs_for_4N(VCG)\n",
    "    abnormal   = base_probs_are_abnormal(base_probs, max_prob_thresh=0.8, min_prob_thresh=0.06)\n",
    "\n",
    "    max_prob = base_probs.to_numpy().max()\n",
    "    min_prob = base_probs.to_numpy().min()\n",
    "\n",
    "    # print(base_probs)\n",
    "    if abnormal:\n",
    "        print(VCG, max_prob, min_prob)\n",
    "    # print(min_prob)\n",
    "    # print(abnormal)"
   ]
  },
  {
   "cell_type": "markdown",
   "id": "ad696df5-e3ba-47c8-a2e7-acbaae2d7d8a",
   "metadata": {},
   "source": [
    "### Seems like a max prob of 0.8 and a min of 0.06 gives us just the right amount of data."
   ]
  },
  {
   "cell_type": "code",
   "execution_count": 18,
   "id": "de873633-56ce-47f4-8ec2-4f126916c50b",
   "metadata": {},
   "outputs": [
    {
     "name": "stdout",
     "output_type": "stream",
     "text": [
      "          A         C         T         G\n",
      "0  0.039491  0.048862  0.064257  0.847390\n",
      "1  0.125837  0.401606  0.303882  0.168675\n",
      "2  0.141232  0.234940  0.351406  0.272423\n",
      "3  0.212182  0.240295  0.200134  0.347390\n",
      "<logomaker.src.Logo.Logo object at 0x0000013384BCDC40>\n",
      "          A         C         T         G\n",
      "0  0.393792  0.294859  0.054316  0.257032\n",
      "1  0.088264  0.313288  0.349176  0.249273\n",
      "2  0.133851  0.207565  0.435500  0.223084\n",
      "3  0.222114  0.124151  0.276431  0.377304\n",
      "<logomaker.src.Logo.Logo object at 0x0000013385C08340>\n",
      "          A         C         T         G\n",
      "0  0.174474  0.224033  0.057705  0.543788\n",
      "1  0.209776  0.211813  0.489477  0.088934\n",
      "2  0.213849  0.171758  0.286490  0.327902\n",
      "3  0.265445  0.146640  0.372709  0.215207\n",
      "<logomaker.src.Logo.Logo object at 0x0000013385C9FAF0>\n",
      "          A         C         T         G\n",
      "0  0.033829  0.014885  0.029770  0.921516\n",
      "1  0.070365  0.106901  0.637348  0.185386\n",
      "2  0.155616  0.224628  0.159675  0.460081\n",
      "3  0.197564  0.327470  0.231394  0.243572\n",
      "<logomaker.src.Logo.Logo object at 0x0000013385C54AC0>\n",
      "          A         C         T         G\n",
      "0  0.375912  0.030414  0.242092  0.351582\n",
      "1  0.120438  0.074209  0.502433  0.302920\n",
      "2  0.165450  0.316302  0.343066  0.175182\n",
      "3  0.205596  0.190998  0.333333  0.270073\n",
      "<logomaker.src.Logo.Logo object at 0x0000013385C54820>\n",
      "          A         C         T         G\n",
      "0  0.112869  0.074895  0.054852  0.757384\n",
      "1  0.188819  0.337553  0.350211  0.123418\n",
      "2  0.147679  0.147679  0.523207  0.181435\n",
      "3  0.255274  0.236287  0.218354  0.290084\n",
      "<logomaker.src.Logo.Logo object at 0x0000013385D01DC0>\n",
      "          A         C         T         G\n",
      "0  0.339535  0.059302  0.194186  0.406977\n",
      "1  0.160465  0.301163  0.262791  0.275581\n",
      "2  0.262791  0.127907  0.416279  0.193023\n",
      "3  0.250000  0.166279  0.286047  0.297674\n",
      "<logomaker.src.Logo.Logo object at 0x0000013385CC9790>\n",
      "          A         C         T         G\n",
      "0  0.065359  0.043137  0.027451  0.864052\n",
      "1  0.069281  0.458824  0.271895  0.200000\n",
      "2  0.107190  0.209150  0.498039  0.185621\n",
      "3  0.223529  0.299346  0.224837  0.252288\n",
      "<logomaker.src.Logo.Logo object at 0x0000013385E4AFD0>\n",
      "          A         C         T         G\n",
      "0  0.283898  0.055085  0.210169  0.450847\n",
      "1  0.074576  0.188983  0.640678  0.095763\n",
      "2  0.155085  0.227966  0.327119  0.289831\n",
      "3  0.322881  0.203390  0.258475  0.215254\n",
      "<logomaker.src.Logo.Logo object at 0x0000013385E64B50>\n",
      "          A         C         T         G\n",
      "0  0.024277  0.019653  0.046243  0.909827\n",
      "1  0.064740  0.089017  0.609249  0.236994\n",
      "2  0.129480  0.265896  0.180347  0.424277\n",
      "3  0.224277  0.345665  0.224277  0.205780\n",
      "<logomaker.src.Logo.Logo object at 0x0000013385FA6280>\n",
      "          A         C         T         G\n",
      "0  0.087216  0.100358  0.057348  0.755078\n",
      "1  0.081243  0.462366  0.271207  0.185185\n",
      "2  0.157706  0.213859  0.403823  0.224612\n",
      "3  0.256870  0.243728  0.187575  0.311828\n",
      "<logomaker.src.Logo.Logo object at 0x0000013385FFE9D0>\n",
      "          A         C         T         G\n",
      "0  0.413555  0.033195  0.255878  0.297372\n",
      "1  0.056708  0.060858  0.585062  0.297372\n",
      "2  0.157676  0.293223  0.374827  0.174274\n",
      "3  0.251729  0.171508  0.331950  0.244813\n",
      "<logomaker.src.Logo.Logo object at 0x0000013385FFE880>\n",
      "          A         C         T         G\n",
      "0  0.116438  0.054795  0.083333  0.745434\n",
      "1  0.204338  0.318493  0.357306  0.119863\n",
      "2  0.144977  0.144977  0.514840  0.195205\n",
      "3  0.248858  0.251142  0.216895  0.283105\n",
      "<logomaker.src.Logo.Logo object at 0x0000013386067DF0>\n",
      "          A         C         T         G\n",
      "0  0.375645  0.029928  0.283798  0.310630\n",
      "1  0.062951  0.061920  0.553148  0.321981\n",
      "2  0.146543  0.249742  0.406605  0.197110\n",
      "3  0.221878  0.183695  0.349845  0.244582\n",
      "<logomaker.src.Logo.Logo object at 0x000001338614F6D0>\n",
      "          A         C         T         G\n",
      "0  0.249485  0.059794  0.244330  0.446392\n",
      "1  0.087629  0.219588  0.604124  0.088660\n",
      "2  0.129897  0.227835  0.336082  0.306186\n",
      "3  0.270103  0.255670  0.225773  0.248454\n",
      "<logomaker.src.Logo.Logo object at 0x000001338614FE20>\n",
      "          A         C         T         G\n",
      "0  0.030848  0.010283  0.025707  0.933162\n",
      "1  0.055270  0.070694  0.658098  0.215938\n",
      "2  0.147815  0.240360  0.204370  0.407455\n",
      "3  0.218509  0.299486  0.240360  0.241645\n",
      "<logomaker.src.Logo.Logo object at 0x00000133862398B0>\n",
      "          A         C         T         G\n",
      "0  0.333333  0.057637  0.240154  0.368876\n",
      "1  0.085495  0.207493  0.634006  0.073007\n",
      "2  0.174832  0.233429  0.319885  0.271854\n",
      "3  0.307397  0.233429  0.253602  0.205572\n",
      "<logomaker.src.Logo.Logo object at 0x0000013386239880>\n",
      "          A         C         T         G\n",
      "0  0.030090  0.028084  0.035105  0.906720\n",
      "1  0.077232  0.106319  0.605817  0.210632\n",
      "2  0.190572  0.215647  0.253761  0.340020\n",
      "3  0.215647  0.282849  0.260782  0.240722\n",
      "<logomaker.src.Logo.Logo object at 0x0000013386318E50>\n",
      "          A         C         T         G\n",
      "0  0.088792  0.110626  0.056769  0.743814\n",
      "1  0.132460  0.280932  0.320233  0.266376\n",
      "2  0.241630  0.173217  0.375546  0.209607\n",
      "3  0.315866  0.167394  0.273654  0.243086\n",
      "<logomaker.src.Logo.Logo object at 0x000001338638E9D0>\n",
      "          A         C         T         G\n",
      "0  0.554534  0.168200  0.059133  0.218134\n",
      "1  0.095926  0.141919  0.653088  0.109067\n",
      "2  0.245729  0.224704  0.360053  0.169514\n",
      "3  0.283837  0.207622  0.269382  0.239159\n",
      "<logomaker.src.Logo.Logo object at 0x00000133863F53A0>\n",
      "          A         C         T         G\n",
      "0  0.534823  0.172142  0.051248  0.241787\n",
      "1  0.113009  0.139290  0.613666  0.134034\n",
      "2  0.223390  0.206307  0.341656  0.228647\n",
      "3  0.268068  0.222076  0.296978  0.212878\n"
     ]
    },
    {
     "name": "stderr",
     "output_type": "stream",
     "text": [
      "C:\\Users\\Liam Hade\\Desktop\\ool_lab_venv\\lib\\site-packages\\logomaker\\src\\Logo.py:194: RuntimeWarning: More than 20 figures have been opened. Figures created through the pyplot interface (`matplotlib.pyplot.figure`) are retained until explicitly closed and may consume too much memory. (To control this warning, see the rcParam `figure.max_open_warning`). Consider using `matplotlib.pyplot.close()`.\n",
      "  fig, ax = plt.subplots(1, 1, figsize=self.figsize)\n"
     ]
    },
    {
     "name": "stdout",
     "output_type": "stream",
     "text": [
      "<logomaker.src.Logo.Logo object at 0x00000133864E1280>\n",
      "          A         C         T         G\n",
      "0  0.092269  0.167082  0.056110  0.684539\n",
      "1  0.122195  0.230673  0.340399  0.306733\n",
      "2  0.224439  0.139651  0.440150  0.195761\n",
      "3  0.278055  0.203242  0.309227  0.209476\n",
      "<logomaker.src.Logo.Logo object at 0x00000133864905B0>\n",
      "          A         C         T         G\n",
      "0  0.498361  0.200000  0.054098  0.247541\n",
      "1  0.124590  0.136066  0.595082  0.144262\n",
      "2  0.234426  0.236066  0.359016  0.170492\n",
      "3  0.267213  0.209836  0.293443  0.229508\n",
      "<logomaker.src.Logo.Logo object at 0x00000133867304C0>\n",
      "          A         C         T         G\n",
      "0  0.174397  0.235622  0.057514  0.532468\n",
      "1  0.144712  0.155844  0.517625  0.181818\n",
      "2  0.200371  0.205937  0.387755  0.205937\n",
      "3  0.291280  0.209647  0.319109  0.179963\n",
      "<logomaker.src.Logo.Logo object at 0x00000133867D4A00>\n",
      "          A         C         T         G\n",
      "0  0.190942  0.258262  0.055080  0.495716\n",
      "1  0.127295  0.188494  0.525092  0.159119\n",
      "2  0.211750  0.199510  0.384333  0.204406\n",
      "3  0.292534  0.203182  0.294982  0.209302\n",
      "<logomaker.src.Logo.Logo object at 0x0000013386810610>\n",
      "          A         C         T         G\n",
      "0  0.461832  0.198473  0.053435  0.286260\n",
      "1  0.104962  0.190840  0.547710  0.156489\n",
      "2  0.192748  0.208015  0.425573  0.173664\n",
      "3  0.257634  0.215649  0.293893  0.232824\n",
      "<logomaker.src.Logo.Logo object at 0x00000133868BC4F0>\n"
     ]
    },
    {
     "data": {
